C:\Users\Marija\PycharmProjects\PythonProject1\.venv\Scripts\python.exe C:\Users\Marija\PycharmProjects\PythonProject1\script.py

==================================================
📅 ГОДИНА 2022
==================================================
Коло   1 → [2, 11, 12, 15, 24, 26, 37]
Коло   2 → [7, 19, 23, 26, 29, 30, 31]
Коло   3 → [4, 5, 11, 20, 25, 29, 33]
Коло   4 → [1, 9, 15, 16, 19, 21, 37]
Коло   5 → [2, 6, 12, 19, 21, 27, 32]
Коло   6 → [8, 12, 13, 15, 20, 22, 32]
Коло   7 → [3, 6, 14, 17, 26, 30, 36]
Коло   8 → [1, 3, 11, 16, 25, 32, 34]
Коло   9 → [6, 11, 23, 26, 33, 36, 37]
Коло  10 → [6, 10, 11, 12, 18, 21, 29]
Коло  11 → [4, 10, 17, 28, 30, 32, 37]
Коло  12 → [9, 11, 14, 15, 24, 27, 35]
Коло  13 → [2, 5, 7, 10, 19, 26, 34]
Коло  14 → [10, 13, 26, 29, 31, 36, 37]
Коло  15 → [1, 9, 15, 18, 26, 28, 34]
Коло  16 → [4, 9, 10, 17, 21, 23, 32]
Коло  17 → [1, 3, 5, 12, 18, 23, 31]
Коло  18 → [2, 12, 15, 20, 26, 34, 36]
Коло  19 → [2, 3, 8, 12, 28, 29, 30]
Коло  20 → [8, 15, 18, 25, 28, 30, 31]
Коло  21 → [3, 21, 23, 25, 26, 33, 36]
Коло  22 → [4, 5, 9, 14, 17, 24, 37]
Коло  23 → [4, 5, 8, 13, 26, 28, 35]
Коло  24 → [3, 6, 14, 19, 23, 28, 33]
Коло  25 → [5, 7, 13, 17, 19, 20, 28]
Коло  26 → [1, 2, 13, 23, 25, 28, 34]
Коло  27 → [1, 6, 7, 8, 14, 16, 23]
Коло  28 → [2, 7, 12, 20, 22, 26, 37]
Коло  29 → [2, 15, 19, 21, 23, 31, 35]
Коло  30 → [2, 5, 9, 13, 23, 26, 29]
Коло  31 → [6, 13, 14, 16, 17, 22, 26]
Коло  32 → [1, 7, 18, 20, 23, 26, 32]
Коло  33 → [7, 10, 11, 12, 21, 27, 29]
Коло  34 → [4, 5, 13, 16, 25, 33, 35]
Коло  35 → [3, 6, 9, 15, 29, 33, 35]
Коло  36 → [8, 10, 26, 29, 30, 32, 36]
Коло  37 → [3, 11, 16, 18, 27, 33, 36]
Коло  38 → [5, 8, 11, 22, 29, 33, 37]
Коло  39 → [4, 19, 20, 23, 24, 25, 26]
Коло  40 → [7, 10, 12, 13, 25, 32, 36]
Коло  41 → [4, 5, 7, 19, 21, 23, 29]
Коло  42 → [1, 8, 12, 17, 27, 31, 33]
Коло  43 → [2, 17, 19, 21, 27, 29, 30]
Коло  44 → [3, 12, 13, 15, 22, 33, 37]
Коло  45 → [2, 3, 6, 11, 17, 22, 25]
Коло  46 → [4, 11, 14, 17, 19, 23, 25]
Коло  47 → [2, 5, 12, 15, 22, 31, 35]
Коло  48 → [1, 3, 4, 14, 27, 28, 33]
Коло  49 → [2, 4, 11, 29, 32, 34, 35]
Коло  50 → [1, 2, 4, 14, 20, 27, 29]
Коло  51 → [6, 9, 16, 19, 35, 36, 37]
Коло  52 → [10, 12, 16, 20, 22, 26, 29]
Коло  53 → [1, 3, 6, 10, 21, 33, 37]
Коло  54 → [1, 2, 5, 7, 9, 24, 32]
Коло  55 → [1, 2, 11, 30, 31, 35, 37]
Коло  56 → [1, 13, 17, 18, 22, 26, 30]
Коло  57 → [6, 16, 17, 24, 27, 29, 32]
Коло  58 → [13, 15, 17, 18, 24, 31, 36]
Коло  59 → [3, 5, 19, 21, 29, 31, 36]
Коло  60 → [1, 4, 9, 18, 19, 31, 35]
Коло  61 → [6, 8, 11, 18, 19, 24, 33]
Коло  62 → [19, 21, 23, 24, 28, 30, 36]
Коло  63 → [5, 10, 17, 21, 27, 32, 33]
Коло  64 → [1, 4, 17, 26, 28, 32, 37]
Коло  65 → [7, 13, 14, 19, 21, 22, 33]
Коло  66 → [3, 5, 22, 25, 33, 35, 36]
Коло  67 → [1, 9, 10, 16, 23, 33, 37]
Коло  68 → [1, 2, 6, 11, 12, 17, 29]
Коло  69 → [5, 10, 15, 18, 20, 30, 37]
Коло  70 → [13, 17, 21, 23, 24, 30, 36]
Коло  71 → [6, 9, 11, 17, 19, 32, 34]
Коло  72 → [3, 6, 10, 13, 14, 23, 32]
Коло  73 → [5, 6, 10, 20, 21, 25, 30]
Коло  74 → [7, 9, 12, 20, 21, 24, 33]
Коло  75 → [1, 3, 6, 23, 24, 35, 36]
Коло  76 → [2, 10, 11, 15, 21, 22, 26]
Коло  77 → [1, 16, 26, 28, 29, 30, 37]
Коло  78 → [4, 16, 17, 24, 28, 30, 32]
Коло  79 → [4, 8, 14, 16, 22, 36, 37]
Коло  80 → [6, 8, 20, 22, 31, 32, 35]
Коло  81 → [9, 11, 13, 14, 22, 25, 26]
Коло  82 → [16, 22, 23, 24, 31, 33, 37]
Коло  83 → [2, 13, 16, 20, 22, 29, 35]
Коло  84 → [10, 11, 14, 18, 25, 27, 32]
Коло  85 → [1, 11, 13, 22, 25, 26, 33]
Коло  86 → [4, 9, 13, 21, 23, 28, 30]
Коло  87 → [2, 9, 15, 22, 29, 30, 37]
Коло  88 → [1, 7, 8, 11, 17, 19, 26]
Коло  89 → [5, 7, 11, 13, 18, 23, 30]
Коло  90 → [4, 11, 13, 15, 28, 32, 35]
Коло  91 → [4, 9, 13, 25, 27, 28, 34]
Коло  92 → [1, 5, 6, 7, 18, 21, 28]
Коло  93 → [1, 10, 12, 17, 25, 32, 36]
Коло  94 → [15, 19, 20, 21, 27, 28, 33]
Коло  95 → [2, 10, 11, 12, 24, 36, 37]
Коло  96 → [3, 5, 6, 9, 20, 21, 36]
Коло  97 → [4, 6, 11, 13, 23, 24, 28]
Коло  98 → [5, 13, 24, 32, 34, 36, 37]
Коло  99 → [9, 11, 19, 20, 24, 29, 34]
Коло 100 → [1, 3, 4, 16, 18, 29, 30]
Коло 101 → [2, 7, 11, 17, 24, 32, 37]
Коло 102 → [4, 14, 17, 20, 22, 24, 33]
Коло 103 → [1, 2, 3, 8, 14, 15, 30]
Коло 104 → [3, 4, 7, 11, 14, 21, 32]

==================================================
📅 ГОДИНА 2023
==================================================
Коло   1 → [5, 6, 8, 13, 19, 20, 24]
Коло   2 → [2, 5, 10, 22, 24, 31, 37]
Коло   3 → [7, 13, 14, 19, 21, 28, 31]
Коло   4 → [11, 15, 18, 23, 27, 28, 33]
Коло   5 → [1, 2, 5, 10, 13, 26, 34]
Коло   6 → [3, 6, 12, 19, 20, 24, 28]
Коло   7 → [3, 5, 19, 21, 26, 30, 35]
Коло   8 → [2, 5, 15, 18, 20, 29, 30]
Коло   9 → [3, 4, 24, 25, 28, 30, 35]
Коло  10 → [1, 15, 16, 21, 23, 28, 31]
Коло  11 → [7, 19, 23, 25, 28, 33, 34]
Коло  12 → [1, 13, 16, 22, 27, 35, 36]
Коло  13 → [2, 8, 13, 20, 26, 29, 36]
Коло  14 → [8, 12, 13, 16, 20, 23, 37]
Коло  15 → [1, 10, 17, 19, 23, 27, 34]
Коло  16 → [3, 5, 15, 20, 21, 30, 34]
Коло  17 → [2, 5, 7, 12, 14, 18, 29]
Коло  18 → [7, 10, 16, 24, 25, 26, 31]
Коло  19 → [2, 3, 23, 27, 32, 34, 36]
Коло  20 → [12, 16, 22, 25, 29, 30, 35]
Коло  21 → [1, 8, 14, 26, 29, 31, 37]
Коло  22 → [11, 12, 15, 17, 21, 30, 33]
Коло  23 → [5, 12, 13, 15, 19, 32, 36]
Коло  24 → [3, 11, 12, 25, 27, 34, 36]
Коло  25 → [2, 15, 21, 23, 30, 31, 36]
Коло  26 → [13, 14, 16, 22, 25, 28, 37]
Коло  27 → [6, 9, 10, 11, 14, 15, 24]
Коло  28 → [1, 9, 11, 16, 17, 22, 34]
Коло  29 → [1, 9, 12, 14, 18, 20, 26]
Коло  30 → [13, 14, 19, 22, 25, 27, 33]
Коло  31 → [12, 14, 18, 19, 23, 28, 31]
Коло  32 → [12, 14, 16, 30, 31, 32, 36]
Коло  33 → [3, 4, 7, 8, 12, 29, 37]
Коло  34 → [6, 12, 14, 15, 22, 26, 28]
Коло  35 → [4, 6, 10, 16, 22, 24, 28]
Коло  36 → [2, 7, 18, 22, 24, 34, 35]
Коло  37 → [1, 7, 9, 12, 21, 24, 37]
Коло  38 → [13, 15, 21, 25, 29, 36, 37]
Коло  39 → [4, 7, 10, 11, 18, 33, 34]
Коло  40 → [6, 7, 9, 10, 23, 28, 30]
Коло  41 → [5, 12, 13, 15, 27, 35, 37]
Коло  42 → [7, 14, 15, 22, 27, 29, 32]
Коло  43 → [5, 10, 12, 18, 24, 28, 34]
Коло  44 → [3, 8, 14, 15, 24, 28, 29]
Коло  45 → [3, 9, 20, 21, 24, 25, 28]
Коло  46 → [5, 11, 12, 17, 20, 23, 29]
Коло  47 → [4, 6, 9, 21, 25, 32, 37]
Коло  48 → [1, 3, 5, 14, 17, 22, 35]
Коло  49 → [3, 5, 6, 20, 22, 26, 28]
Коло  50 → [6, 10, 13, 15, 22, 24, 37]
Коло  51 → [6, 10, 18, 19, 28, 30, 37]
Коло  52 → [1, 13, 14, 17, 21, 31, 37]
Коло  53 → [6, 18, 21, 22, 30, 35, 36]
Коло  54 → [6, 19, 21, 27, 29, 35, 36]
Коло  55 → [4, 20, 21, 23, 25, 31, 33]
Коло  56 → [2, 11, 12, 21, 27, 28, 37]
Коло  57 → [7, 9, 11, 13, 15, 18, 29]
Коло  58 → [1, 4, 12, 17, 24, 32, 36]
Коло  59 → [4, 7, 23, 27, 28, 29, 31]
Коло  60 → [4, 18, 23, 25, 31, 32, 33]
Коло  61 → [15, 24, 27, 29, 30, 34, 35]
Коло  62 → [4, 10, 12, 17, 19, 21, 36]
Коло  63 → [9, 11, 15, 22, 24, 28, 37]
Коло  64 → [2, 6, 11, 15, 22, 34, 37]
Коло  65 → [2, 10, 13, 17, 20, 24, 36]
Коло  66 → [4, 11, 16, 17, 19, 25, 33]
Коло  67 → [6, 7, 13, 18, 26, 30, 33]
Коло  68 → [8, 9, 10, 11, 14, 22, 31]
Коло  69 → [2, 4, 5, 6, 24, 26, 28]
Коло  70 → [9, 10, 11, 16, 18, 30, 34]
Коло  71 → [1, 3, 14, 15, 20, 30, 32]
Коло  72 → [1, 3, 10, 11, 31, 33, 35]
Коло  73 → [2, 11, 15, 17, 28, 30, 31]
Коло  74 → [4, 12, 19, 20, 24, 32, 34]
Коло  75 → [2, 4, 7, 17, 20, 25, 34]
Коло  76 → [2, 5, 17, 27, 33, 35, 37]
Коло  77 → [10, 14, 19, 21, 23, 25, 31]
Коло  78 → [3, 8, 17, 18, 22, 27, 34]
Коло  79 → [4, 6, 8, 10, 12, 14, 16]
Коло  80 → [3, 6, 13, 27, 29, 33, 34]
Коло  81 → [11, 12, 17, 20, 25, 28, 37]
Коло  82 → [12, 14, 22, 29, 31, 32, 37]
Коло  83 → [3, 7, 12, 20, 25, 29, 31]
Коло  84 → [4, 11, 15, 16, 19, 22, 35]
Коло  85 → [7, 9, 12, 21, 30, 35, 36]
Коло  86 → [1, 7, 15, 17, 19, 22, 34]
Коло  87 → [4, 6, 7, 11, 19, 23, 36]
Коло  88 → [6, 11, 13, 16, 19, 23, 35]
Коло  89 → [8, 12, 13, 14, 16, 27, 31]
Коло  90 → [1, 8, 10, 16, 23, 26, 33]
Коло  91 → [1, 8, 13, 20, 22, 29, 30]
Коло  92 → [1, 4, 6, 11, 12, 28, 32]
Коло  93 → [5, 9, 12, 15, 23, 33, 36]
Коло  94 → [6, 11, 12, 21, 23, 26, 30]
Коло  95 → [1, 4, 6, 7, 8, 17, 27]
Коло  96 → [11, 15, 18, 21, 26, 35, 37]
Коло  97 → [1, 10, 13, 16, 21, 22, 26]
Коло  98 → [2, 3, 15, 22, 29, 33, 35]
Коло  99 → [4, 7, 8, 9, 28, 29, 34]
Коло 100 → [3, 11, 15, 28, 30, 35, 37]
Коло 101 → [7, 9, 22, 26, 28, 29, 36]
Коло 102 → [13, 14, 15, 16, 18, 20, 25]
Коло 103 → [1, 2, 4, 7, 15, 17, 35]
Коло 104 → [6, 8, 13, 14, 15, 19, 21]

==================================================
📅 ГОДИНА 2024
==================================================
Коло   1 → [16, 17, 20, 22, 29, 32, 37]
Коло   2 → [1, 3, 22, 27, 28, 30, 32]
Коло   3 → [6, 10, 14, 15, 19, 25, 30]
Коло   4 → [7, 17, 23, 31, 33, 36, 37]
Коло   5 → [7, 10, 20, 22, 26, 30, 34]
Коло   6 → [7, 9, 20, 25, 26, 32, 37]
Коло   7 → [5, 6, 12, 17, 18, 30, 32]
Коло   8 → [5, 7, 10, 20, 25, 28, 32]
Коло   9 → [5, 9, 14, 18, 30, 34, 37]
Коло  10 → [4, 13, 19, 23, 27, 34, 37]
Коло  11 → [8, 10, 25, 28, 30, 33, 37]
Коло  12 → [5, 6, 8, 9, 21, 25, 31]
Коло  13 → [4, 16, 17, 28, 31, 32, 34]
Коло  14 → [8, 19, 22, 25, 27, 29, 31]
Коло  15 → [1, 12, 18, 20, 28, 31, 36]
Коло  16 → [1, 5, 7, 16, 19, 33, 35]
Коло  17 → [5, 20, 24, 29, 31, 32, 36]
Коло  18 → [7, 12, 16, 17, 22, 28, 30]
Коло  19 → [1, 3, 4, 13, 28, 32, 34]
Коло  20 → [3, 7, 13, 14, 18, 24, 33]
Коло  21 → [3, 6, 14, 16, 29, 30, 32]
Коло  22 → [1, 2, 6, 7, 15, 18, 23]
Коло  23 → [5, 12, 22, 24, 26, 35, 36]
Коло  24 → [16, 17, 19, 21, 27, 33, 34]
Коло  25 → [7, 9, 25, 27, 30, 31, 34]
Коло  26 → [2, 5, 14, 21, 23, 25, 33]
Коло  27 → [2, 4, 9, 10, 28, 29, 31]
Коло  28 → [5, 9, 10, 16, 22, 26, 28]
Коло  29 → [1, 3, 16, 22, 24, 28, 35]
Коло  30 → [9, 14, 16, 18, 22, 29, 36]
Коло  31 → [3, 17, 19, 21, 24, 32, 37]
Коло  32 → [6, 12, 13, 14, 30, 31, 37]
Коло  33 → [15, 17, 23, 27, 30, 32, 36]
Коло  34 → [1, 9, 10, 14, 31, 33, 35]
Коло  35 → [4, 5, 9, 17, 21, 29, 32]
Коло  36 → [2, 6, 9, 11, 15, 19, 31]
Коло  37 → [1, 10, 15, 18, 23, 33, 36]
Коло  38 → [4, 11, 13, 20, 21, 24, 32]
Коло  39 → [8, 11, 18, 22, 27, 34, 35]
Коло  40 → [6, 11, 16, 19, 25, 31, 36]
Коло  41 → [8, 11, 13, 25, 32, 33, 37]
Коло  42 → [5, 10, 16, 25, 26, 30, 36]
Коло  43 → [4, 5, 7, 9, 24, 31, 34]
Коло  44 → [8, 9, 23, 28, 34, 35, 37]
Коло  45 → [2, 13, 16, 18, 22, 26, 34]
Коло  46 → [14, 16, 18, 26, 32, 34, 35]
Коло  47 → [13, 19, 24, 25, 27, 30, 31]
Коло  48 → [3, 12, 16, 19, 20, 25, 32]
Коло  49 → [2, 9, 22, 23, 30, 32, 34]
Коло  50 → [2, 3, 5, 10, 12, 21, 27]
Коло  51 → [3, 5, 6, 14, 22, 31, 35]
Коло  52 → [7, 8, 19, 26, 27, 28, 37]
Коло  53 → [1, 6, 12, 13, 26, 28, 35]
Коло  54 → [1, 4, 11, 17, 31, 36, 37]
Коло  55 → [2, 11, 13, 16, 31, 34, 35]
Коло  56 → [10, 11, 12, 13, 18, 28, 37]
Коло  57 → [4, 17, 24, 26, 27, 28, 34]
Коло  58 → [5, 9, 15, 21, 23, 25, 37]
Коло  59 → [7, 10, 11, 20, 23, 29, 37]
Коло  60 → [1, 4, 7, 15, 25, 27, 31]
Коло  61 → [15, 18, 20, 22, 25, 31, 34]
Коло  62 → [5, 6, 18, 19, 21, 35, 37]
Коло  63 → [3, 7, 14, 17, 25, 26, 28]
Коло  64 → [7, 10, 27, 31, 33, 35, 36]
Коло  65 → [2, 4, 5, 11, 24, 30, 36]
Коло  66 → [1, 5, 11, 15, 27, 28, 30]
Коло  67 → [9, 19, 22, 25, 26, 36, 37]
Коло  68 → [6, 11, 12, 19, 21, 30, 32]
Коло  69 → [1, 7, 12, 17, 18, 21, 28]
Коло  70 → [1, 4, 7, 16, 30, 34, 36]
Коло  71 → [11, 12, 19, 21, 24, 34, 36]
Коло  72 → [1, 12, 18, 19, 22, 24, 30]
Коло  73 → [2, 12, 18, 23, 25, 28, 31]
Коло  74 → [16, 18, 19, 21, 23, 29, 30]
Коло  75 → [2, 10, 11, 13, 16, 27, 36]
Коло  76 → [4, 9, 15, 16, 19, 23, 33]
Коло  77 → [2, 6, 10, 15, 18, 25, 32]
Коло  78 → [2, 5, 20, 24, 29, 31, 37]
Коло  79 → [12, 16, 18, 21, 23, 33, 37]
Коло  80 → [2, 19, 25, 26, 30, 31, 33]
Коло  81 → [13, 20, 21, 27, 33, 34, 35]
Коло  82 → [4, 5, 6, 7, 22, 32, 36]
Коло  83 → [8, 9, 13, 18, 19, 25, 35]
Коло  84 → [1, 5, 6, 18, 29, 31, 33]
Коло  85 → [1, 4, 6, 8, 14, 19, 31]
Коло  86 → [1, 4, 22, 33, 35, 36, 37]
Коло  87 → [2, 4, 5, 13, 19, 21, 29]
Коло  88 → [4, 9, 17, 20, 31, 33, 36]
Коло  89 → [2, 9, 19, 21, 22, 26, 31]
Коло  90 → [5, 7, 9, 11, 13, 23, 31]
Коло  91 → [4, 16, 17, 22, 25, 33, 36]
Коло  92 → [5, 9, 14, 27, 28, 30, 31]
Коло  93 → [4, 6, 12, 15, 19, 32, 34]
Коло  94 → [2, 18, 20, 24, 26, 28, 32]
Коло  95 → [7, 13, 20, 22, 24, 30, 31]
Коло  96 → [12, 13, 14, 20, 22, 29, 36]
Коло  97 → [2, 10, 24, 25, 28, 31, 32]
Коло  98 → [3, 5, 10, 12, 17, 22, 29]
Коло  99 → [3, 9, 16, 32, 33, 36, 37]
Коло 100 → [5, 12, 13, 14, 20, 31, 33]
Коло 101 → [3, 5, 11, 13, 19, 34, 35]
Коло 102 → [8, 19, 21, 22, 27, 28, 31]
Коло 103 → [3, 5, 8, 11, 21, 30, 37]
Коло 104 → [5, 11, 15, 23, 34, 36, 37]

==================================================
📅 ГОДИНА 2025
==================================================
Коло   1 → [5, 18, 22, 23, 30, 32, 35]
Коло   2 → [2, 6, 10, 16, 21, 22, 27]
Коло   3 → [6, 9, 10, 21, 26, 30, 32]
Коло   4 → [8, 14, 19, 21, 29, 33, 36]
Коло   5 → [1, 6, 13, 18, 25, 26, 30]
Коло   6 → [7, 9, 14, 15, 17, 34, 37]
Коло   7 → [12, 15, 18, 27, 28, 30, 37]
Коло   8 → [4, 7, 15, 16, 25, 36, 37]
Коло   9 → [3, 8, 11, 15, 19, 20, 25]
Коло  10 → [5, 9, 16, 18, 22, 25, 34]
Коло  11 → [9, 10, 11, 13, 23, 30, 33]
Коло  12 → [3, 15, 16, 17, 34, 35, 37]
Коло  13 → [3, 9, 12, 24, 26, 28, 30]
Коло  14 → [13, 16, 17, 22, 23, 24, 25]
Коло  15 → [10, 11, 12, 14, 16, 29, 30]
Коло  16 → [1, 6, 17, 23, 26, 33, 35]
Коло  17 → [2, 4, 7, 8, 20, 36, 37]
Коло  18 → [7, 11, 17, 20, 30, 31, 37]
Коло  19 → [2, 8, 9, 15, 20, 27, 35]
Коло  20 → [4, 9, 12, 18, 23, 26, 36]
Коло  21 → [3, 4, 5, 20, 27, 32, 36]
Коло  22 → [6, 9, 15, 20, 23, 28, 35]
Коло  23 → [1, 4, 9, 23, 26, 30, 31]
Коло  24 → [2, 6, 13, 23, 24, 26, 27]
Коло  25 → [1, 5, 15, 20, 29, 31, 35]
Коло  26 → [2, 5, 8, 14, 19, 20, 37]
Коло  27 → [4, 9, 10, 14, 22, 30, 35]
Коло  28 → [1, 2, 8, 11, 13, 21, 27]
Коло  29 → [5, 8, 12, 14, 21, 30, 36]
Коло  30 → [1, 4, 9, 15, 20, 22, 23]
Коло  31 → [5, 13, 27, 28, 32, 35, 36]
Коло  32 → [8, 19, 27, 28, 32, 36, 37]
Коло  33 → [8, 18, 24, 27, 29, 35, 37]
Коло  34 → [3, 4, 15, 19, 21, 26, 29]
Коло  35 → [2, 4, 15, 17, 22, 24, 28]
Коло  36 → [7, 9, 16, 19, 28, 33, 36]
Коло  37 → [4, 14, 23, 28, 30, 34, 37]
Коло  38 → [3, 12, 16, 19, 21, 25, 30]
Коло  39 → [7, 16, 17, 24, 25, 26, 35]
Коло  40 → [6, 9, 14, 20, 27, 35, 36]
Коло  41 → [1, 4, 6, 10, 13, 25, 35]
Коло  42 → [1, 2, 7, 9, 17, 18, 34]
Коло  43 → [5, 6, 12, 17, 21, 23, 29]
Коло  44 → [10, 20, 25, 27, 32, 35, 37]
Коло  45 → [3, 12, 18, 23, 24, 32, 34]
Коло  46 → [11, 16, 17, 22, 23, 24, 37]
Коло  47 → [2, 4, 7, 8, 13, 35, 37]
Коло  48 → [6, 16, 17, 18, 19, 22, 35]
Коло  49 → [4, 6, 13, 15, 28, 32, 33]
Коло  50 → [6, 8, 9, 15, 17, 26, 36]
Коло  51 → [3, 7, 12, 16, 25, 29, 36]
Коло  52 → [4, 5, 9, 24, 25, 27, 31]
Коло  53 → [3, 4, 6, 10, 13, 23, 33]
Коло  54 → [7, 19, 24, 26, 28, 29, 37]
Коло  55 → [3, 5, 11, 12, 22, 27, 34]
Коло  56 → [4, 8, 21, 26, 32, 33, 35]
Коло  57 → [8, 10, 14, 23, 25, 35, 37]
Коло  58 → [2, 4, 9, 18, 24, 25, 35]
Коло  59 → [9, 16, 22, 24, 30, 31, 36]
Коло  60 → [5, 6, 9, 15, 29, 34, 37]
Коло  61 → [3, 6, 7, 17, 18, 32, 36]
Коло  62 → [6, 13, 17, 18, 28, 29, 30]
Коло  63 → [1, 10, 15, 26, 29, 31, 35]
Коло  64 → [1, 9, 14, 15, 29, 30, 33]
Коло  65 → [1, 10, 13, 14, 28, 31, 35]
Коло  66 → [1, 3, 5, 8, 20, 32, 33]
Коло  67 → [13, 14, 16, 17, 24, 25, 33]
Коло  68 → [8, 11, 12, 13, 17, 31, 35]
Коло  69 → [4, 5, 11, 13, 29, 32, 34]
Коло  70 → [5, 11, 12, 16, 22, 27, 31]
Коло  71 → [2, 5, 7, 10, 19, 32, 35]
Коло  72 → [11, 15, 19, 20, 25, 28, 29]
Коло  73 → [2, 3, 7, 9, 19, 24, 30]
Коло  74 → [1, 17, 18, 26, 29, 35, 36]
Коло  75 → [6, 7, 15, 16, 17, 24, 30]
Коло  76 → [2, 6, 7, 9, 11, 15, 26]
Коло  77 → [2, 13, 15, 19, 24, 32, 37]
Коло  78 → [2, 8, 9, 11, 17, 32, 36]
Коло  79 → [3, 8, 10, 18, 27, 30, 32]
Коло  80 → [10, 11, 17, 27, 31, 32, 37]
Коло  81 → [2, 8, 11, 18, 24, 29, 31]
Коло  82 → [1, 5, 6, 16, 26, 30, 33]
Коло  83 → [2, 12, 13, 24, 29, 34, 37]
Коло  84 → [7, 10, 12, 18, 27, 31, 32]
Коло  85 → [12, 13, 14, 18, 25, 30, 32]
Коло  86 → [3, 5, 7, 13, 18, 25, 37]
Коло  87 → [2, 6, 17, 23, 27, 32, 37]
Коло  88 → [7, 11, 23, 26, 27, 32, 35]
Коло  89 → [2, 9, 10, 11, 27, 33, 36]
Коло  90 → [12, 13, 18, 20, 23, 26, 36]
Коло  91 → [1, 7, 12, 13, 25, 26, 31]
Коло  92 → [2, 5, 7, 13, 24, 30, 36]
Коло  93 → [2, 3, 4, 15, 25, 28, 31]
Коло  94 → [3, 5, 10, 22, 25, 27, 33]
Коло  95 → [2, 3, 10, 23, 24, 28, 36]
Коло  96 → [3, 14, 18, 21, 25, 26, 37]
Коло  97 → [8, 15, 23, 24, 26, 28, 37]
Коло  98 → [1, 5, 10, 13, 18, 32, 37]
Коло  99 → [3, 5, 10, 15, 16, 23, 25]
Коло 100 → [1, 7, 14, 16, 32, 33, 36]
Коло 101 → [8, 10, 11, 19, 24, 26, 32]
Коло 102 → [1, 5, 8, 9, 18, 34, 35]
Коло 103 → [1, 8, 10, 11, 20, 25, 31]
Коло 104 → [9, 12, 21, 27, 30, 33, 36]

==============
ГОДИНА 2026
==============
Коло 1 → [2, 6, 8, 9, 19, 22, 28]
Коло 2 → [11, 13, 17, 19, 20, 30, 33]
Коло 3 → [2, 8, 17, 21, 24, 26, 31]
Коло 4 → [4, 13, 15, 27, 28, 31, 33]
Коло 5 → [9, 10, 11, 21, 28, 29, 35]

